1;30.2027340481;120.221153128
2;30.1881508092;120.232680017
3;30.2307163579;120.233375541
4;23.1468928916;113.269110662
5;30.2775331235;120.222312093
6
7;30.1881508092;120.232680017
8
9;30.2009656314;120.176434224
10;30.2949069241;120.231758557
11;30.2009656314;120.176434224
12;34.7998114668;113.665522298
13;30.2009656314;120.176434224
14;30.1881508092;120.232680017
15;30.1881508092;120.232680017
16;30.2949069241;120.231758557
17;30.2027340481;120.221153128
18;30.2307163579;120.233375541
19;30.2949069241;120.231758557
20;30.1859628284;120.250471895
21;30.2027340481;120.221153128
22;30.2027340481;120.221153128
23;30.1881508092;120.232680017
24;30.2027340481;120.221153128
25
26;30.2027340481;120.221153128
27;30.1881508092;120.232680017
28
29
30;30.2307163579;120.233375541
31;30.2027340481;120.221153128
32;23.0102981337;114.330960969
33;30.1918647808;120.256974352
34;30.2882148312;120.124819149
35;30.3028110606;120.168808541
36;30.3154193945;120.338690355
37;23.1468928916;113.269110662
38;30.2775331235;120.222312093
39
40;30.1881508092;120.232680017
41;30.3217948562;120.087646396
42;30.2009656314;120.176434224
43;30.2949069241;120.231758557
44;30.2009656314;120.176434224
45;34.7998114668;113.665522298
46
47
48;30.2307163579;120.233375541
49;30.2027340481;120.221153128
50;23.0102981337;114.330960969
51;30.1918647808;120.256974352
52;30.2882148312;120.124819149
53;30.3028110606;120.168808541
54;30.3154193945;120.338690355
55;30.3071392467;120.21277646
56;23.1468928916;113.269110662
57
58;30.1881508092;120.232680017
59;30.3217948562;120.087646396
60;30.2009656314;120.176434224
61;30.2949069241;120.231758557
62;30.2009656314;120.176434224
63;34.7998114668;113.665522298
64;30.2009656314;120.176434224
65;30.1881508092;120.232680017
66;30.1881508092;120.232680017
67;30.2949069241;120.231758557
68;30.2027340481;120.221153128
69;30.2307163579;120.233375541
70;30.2027340481;120.221153128
71;30.3326660343;120.191985182
72;30.1918647808;120.256974352
73;30.2027340481;120.221153128
74;30.1918647808;120.256974352
75;30.2027340481;120.221153128
76;30.1918647808;120.256974352
77;30.1978433198;120.189559668
78;30.2084358683;120.195152608
79;30.302606704;120.220043665
80;30.2037160527;120.213299548
81;30.2084358683;120.195152608
82
83;30.3303391046;120.113417855
84
85;30.1453916762;120.079357578
86;30.2009656314;120.176434224
87
88;30.2027340481;120.221153128
89;30.2009656314;120.176434224
90;30.3618470268;120.239549729
91;30.2949069241;120.231758557
92;30.1875876077;120.192370429
93;30.2027340481;120.221153128
94
95;30.2037160527;120.213299548
96;30.2949069241;120.231758557
97;30.2009656314;120.176434224
98;30.2066283803;120.20730487
99;30.2027340481;120.221153128
100;30.2066283803;120.20730487
101;30.2084358683;120.195152608
102;30.1978433198;120.189559668
103
104;30.1918647808;120.256974352
105;30.2686970511;120.108533
106
107;30.3502634826;120.118380095
108;30.247061348;120.052441327
109;30.2686970511;120.108533
110;30.2949069241;120.231758557
111;30.2027340481;120.221153128
112;30.3303391046;120.113417855
113;30.3541819879;120.126079827
114;30.3303391046;120.113417855
115;30.2027340481;120.221153128
116;30.2027340481;120.221153128
117;30.24573098;120.174433123
118;30.2009656314;120.176434224
119;30.2028767733;120.217722803
120;30.2027340481;120.221153128
121;30.2949069241;120.231758557
122;30.2027340481;120.221153128
123;30.3181609542;120.223714835
124;30.3196168642;120.153814727
125;30.3285133713;120.265974782
126;30.3502634826;120.118380095
127;30.1534763922;120.274053936
128
129;30.1453916762;120.079357578
130;30.1918647808;120.256974352
131;30.2027340481;120.221153128
132;30.1918647808;120.256974352
133;30.1534763922;120.274053936
134;30.1875361471;120.208744213
135;30.1015029498;112.473701145
136;30.2084358683;120.195152608
137;30.2027340481;120.221153128
138;30.1918647808;120.256974352
139;30.2027340481;120.221153128
140;30.1881508092;120.232680017
141;30.2307163579;120.233375541
142;30.1978433198;120.189559668
143;30.1978433198;120.189559668
144;30.3301457291;120.143103558
145;30.2028767733;120.217722803
146;30.2027340481;120.221153128
147
148;30.2027340481;120.221153128
149;30.3181609542;120.223714835
150;30.3196168642;120.153814727
151;30.3285133713;120.265974782
152;30.3502634826;120.118380095
153;30.1534763922;120.274053936
154
155;30.1453916762;120.079357578
156;30.1918647808;120.256974352
157;30.2027340481;120.221153128
158;30.1918647808;120.256974352
159;30.1534763922;120.274053936
160;30.1875361471;120.208744213
161;30.2009656314;120.176434224
162;30.1015029498;112.473701145
163
164;30.2027340481;120.221153128
165;30.1918647808;120.256974352
166;30.2027340481;120.221153128
167;30.1881508092;120.232680017
168;30.2307163579;120.233375541
169;30.1978433198;120.189559668
170;30.1978433198;120.189559668
171;30.3301457291;120.143103558
172;30.2027340481;120.221153128
173;30.2949069241;120.231758557
174;30.1453916762;120.079357578
175;30.1918647808;120.256974352
176;30.2027340481;120.221153128
177;30.1918647808;120.256974352
178;30.1534763922;120.274053936
179;30.1875361471;120.208744213
180;30.2009656314;120.176434224
181;30.1015029498;112.473701145
182;30.2084358683;120.195152608
183;30.2027340481;120.221153128
184;30.1918647808;120.256974352
185;30.2027340481;120.221153128
186;30.1881508092;120.232680017
187;30.2307163579;120.233375541
188;30.1978433198;120.189559668
189;30.1978433198;120.189559668
190;30.3301457291;120.143103558
191;30.2027340481;120.221153128
192;30.2949069241;120.231758557
193;30.3326660343;120.191985182
194;30.1859628284;120.250471895
195;30.2949069241;120.231758557
196;30.24573098;120.174433123
197;30.2949069241;120.231758557
198;30.2037160527;120.213299548
199;30.2066283803;120.20730487
200;30.3120836015;120.170865212
201;30.2476111387;120.05633575
202;30.3502634826;120.118380095
203;30.1534763922;120.274053936
204;30.1875361471;120.208744213
205;30.2009656314;120.176434224
206;30.1015029498;112.473701145
207;30.2084358683;120.195152608
208;30.2027340481;120.221153128
209;30.1918647808;120.256974352
210;30.2027340481;120.221153128
211;30.1881508092;120.232680017
212;30.2307163579;120.233375541
213;30.1978433198;120.189559668
214;30.1978433198;120.189559668
215;30.3301457291;120.143103558
216;30.2027340481;120.221153128
217;30.2949069241;120.231758557
218;30.3326660343;120.191985182
219;30.1859628284;120.250471895
220;30.2949069241;120.231758557
221;30.24573098;120.174433123
222;30.2037160527;120.213299548
223;30.2066283803;120.20730487
224;30.3120836015;120.170865212
225;30.2476111387;120.05633575
226;30.3502634826;120.118380095
227
228;30.3303391046;120.113417855
229;23.0102981337;114.330960969
230;30.3342869971;120.142369652
231;30.2949069241;120.231758557
232;30.2037160527;120.213299548
233;30.2066283803;120.20730487
234;30.3120836015;120.170865212
235;30.2476111387;120.05633575
236;30.3502634826;120.118380095
237
238;30.3303391046;120.113417855
239;23.0102981337;114.330960969
240;30.3342869971;120.142369652
241;30.2027340481;120.221153128
242;30.1534763922;120.274053936
243;30.2027340481;120.221153128
244;30.2027340481;120.221153128
245;30.2084358683;120.195152608
246;30.1918647808;120.256974352
247;30.3181609542;120.223714835
248;30.439535647;120.291290458
249;30.1881508092;120.232680017
250;30.3326660343;120.191985182
251;30.2027340481;120.221153128
252;30.2027340481;120.221153128
253;30.1859628284;120.250471895
254;30.2949069241;120.231758557
255;30.2037160527;120.213299548
256;30.3326660343;120.191985182
257;30.1859628284;120.250471895
258;30.2949069241;120.231758557
259;30.24573098;120.174433123
260;30.2949069241;120.231758557
261;30.2037160527;120.213299548
262;30.2066283803;120.20730487
263;30.3120836015;120.170865212
264;30.2476111387;120.05633575
265;30.3502634826;120.118380095
266
267;30.3303391046;120.113417855
268;23.0102981337;114.330960969
269;30.3342869971;120.142369652
270;30.2027340481;120.221153128
271;30.2027340481;120.221153128
272;30.2027340481;120.221153128
273;30.2084358683;120.195152608
274;30.3181609542;120.223714835
275;30.439535647;120.291290458
276;30.1881508092;120.232680017
277;30.2949069241;120.231758557
278;30.2027340481;120.221153128
279;30.2949069241;120.231758557
280;30.2027340481;120.221153128
281;30.3502634826;120.118380095
282
283
284;30.3342869971;120.142369652
285;30.2027340481;120.221153128
286;30.1534763922;120.274053936
287;30.2027340481;120.221153128
288;30.2027340481;120.221153128
289
290;30.2084358683;120.195152608
291
292;30.439535647;120.291290458
293;30.1881508092;120.232680017
294;30.2949069241;120.231758557
295;30.2027340481;120.221153128
296;30.2949069241;120.231758557
297;30.3326660343;120.191985182
298;30.2027340481;120.221153128
299;30.1859628284;120.250471895
300;30.2949069241;120.231758557
301;30.2037160527;120.213299548
302;30.2037160527;120.213299548
303;30.2653766057;120.197074082
304;30.2949069241;120.231758557
305;30.2009656314;120.176434224
306;30.2066283803;120.20730487
307;30.2027340481;120.221153128
308;30.3120836015;120.170865212
309;30.2476111387;120.05633575
310;30.3502634826;120.118380095
311
312;30.3303391046;120.113417855
313;23.0102981337;114.330960969
314;30.3342869971;120.142369652
315;30.2027340481;120.221153128
316;30.1534763922;120.274053936
317;30.2027340481;120.221153128
318;30.2037160527;120.213299548
319;30.2084358683;120.195152608
320;30.1918647808;120.256974352
321;30.3181609542;120.223714835
322;30.2949069241;120.231758557
323;30.2027340481;120.221153128
324;30.2949069241;120.231758557
325;30.3326660343;120.191985182
326;30.2027340481;120.221153128
327;30.1859628284;120.250471895
328;30.2949069241;120.231758557
329
330;30.2037160527;120.213299548
331;30.2653766057;120.197074082
332;30.2949069241;120.231758557
333;30.2009656314;120.176434224
334;30.2949069241;120.231758557
335;30.2037160527;120.213299548
336;30.2037160527;120.213299548
337;30.2949069241;120.231758557
338;30.2009656314;120.176434224
339;30.2066283803;120.20730487
340;30.2027340481;120.221153128
341;30.2066283803;120.20730487
342;30.2084358683;120.195152608
343;30.1978433198;120.189559668
344;30.212415326;120.235165629
345;30.2686970511;120.108533
346
347;30.3502634826;120.118380095
348;30.247061348;120.052441327
349;30.2686970511;120.108533
350;30.2949069241;120.231758557
351;30.2027340481;120.221153128
352;30.3303391046;120.113417855
353;30.3541819879;120.126079827
354;30.3303391046;120.113417855
355;30.2027340481;120.221153128
356;30.2027340481;120.221153128
357;30.3250584968;120.122323656
358;30.2027340481;120.221153128
359;30.1015029498;112.473701145
360;30.3326660343;120.191985182
361
362;30.2066283803;120.20730487
363;30.2027340481;120.221153128
364;30.2066283803;120.20730487
365;30.2084358683;120.195152608
366;30.1978433198;120.189559668
367;30.212415326;120.235165629
368;30.2686970511;120.108533
369
370
371;30.247061348;120.052441327
372;30.2686970511;120.108533
373;30.2949069241;120.231758557
374;30.2027340481;120.221153128
375;30.3303391046;120.113417855
376;30.3541819879;120.126079827
377;30.3303391046;120.113417855
378;30.2027340481;120.221153128
379;30.2027340481;120.221153128
380;30.3250584968;120.122323656
381;30.2027340481;120.221153128
382;30.1015029498;112.473701145
383;30.3326660343;120.191985182
384
385;30.2949069241;120.231758557
386;30.2027340481;120.221153128
387;30.1859628284;120.250471895
388;30.2027340481;120.221153128
389;30.2027340481;120.221153128
390;30.2027340481;120.221153128
391;30.3250584968;120.122323656
392;30.2027340481;120.221153128
393;30.1015029498;112.473701145
394;30.3326660343;120.191985182
395
396;30.2949069241;120.231758557
397;30.2027340481;120.221153128
398;30.1859628284;120.250471895
399;30.2027340481;120.221153128
400;30.2027340481;120.221153128
401;30.2027340481;120.221153128
402;23.0102981337;114.330960969
403;30.1918647808;120.256974352
404;30.2882148312;120.124819149
405;30.3217948562;120.087646396
406;30.2009656314;120.176434224
407;30.2009656314;120.176434224
408;34.7998114668;113.665522298
409;30.2009656314;120.176434224
410;30.1881508092;120.232680017
411;30.2949069241;120.231758557
412;30.2027340481;120.221153128
413;30.2307163579;120.233375541
414;30.2027340481;120.221153128
415;30.3326660343;120.191985182
416;30.1918647808;120.256974352
417;30.2686970511;120.108533
418;30.2949069241;120.231758557
419;30.2027340481;120.221153128
420;30.3303391046;120.113417855
421;30.2027340481;120.221153128
422;30.2027340481;120.221153128
423;30.3250584968;120.122323656
424;30.2027340481;120.221153128
425;30.1015029498;112.473701145
426;30.3326660343;120.191985182
427;30.2949069241;120.231758557
428;30.2027340481;120.221153128
429;30.1859628284;120.250471895
430;30.2027340481;120.221153128
431;30.2027340481;120.221153128
432;30.2027340481;120.221153128
433;23.0102981337;114.330960969
434;30.1918647808;120.256974352
435;30.2882148312;120.124819149
436;30.1881508092;120.232680017
437;30.3217948562;120.087646396
438;30.2009656314;120.176434224
439;30.2949069241;120.231758557
440;34.7998114668;113.665522298
441;30.2009656314;120.176434224
442;30.2949069241;120.231758557
443;30.2027340481;120.221153128
444;30.1859628284;120.250471895
445;30.2027340481;120.221153128
446;30.2027340481;120.221153128
447;30.2027340481;120.221153128
448;23.0102981337;114.330960969
449;30.1918647808;120.256974352
450;30.2882148312;120.124819149
451;30.1881508092;120.232680017
452;30.3217948562;120.087646396
453;30.2009656314;120.176434224
454;34.7998114668;113.665522298
455;30.2009656314;120.176434224
456;30.1881508092;120.232680017
457;30.2949069241;120.231758557
458;30.2027340481;120.221153128
459;30.2307163579;120.233375541
460;30.2027340481;120.221153128
461;30.3326660343;120.191985182
462;30.1918647808;120.256974352
463;30.2027340481;120.221153128
464;30.1918647808;120.256974352
465;30.2084358683;120.195152608
466;30.302606704;120.220043665
467;30.2037160527;120.213299548
468;30.2027340481;120.221153128
469;30.2307163579;120.233375541
470;30.3326660343;120.191985182
471;30.1918647808;120.256974352
472;30.2027340481;120.221153128
473;30.1918647808;120.256974352
474;30.1978433198;120.189559668
475;30.2084358683;120.195152608
476;30.302606704;120.220043665
477;30.2037160527;120.213299548
478;30.2084358683;120.195152608
479
480;30.3303391046;120.113417855
481
482;30.1453916762;120.079357578
483;30.2009656314;120.176434224
484;30.1978433198;120.189559668
485;30.1881508092;120.232680017
486;30.2027340481;120.221153128
487;30.2949069241;120.231758557
488;30.2027340481;120.221153128
489;30.2009656314;120.176434224
490;30.3618470268;120.239549729
491;30.314784856;120.189647824
492;30.1881508092;120.232680017
493;30.1978433198;120.189559668
494;30.2949069241;120.231758557
495;30.2027340481;120.221153128
496;30.2027340481;120.221153128
497;30.3250584968;120.122323656
498;30.2027340481;120.221153128
499;30.1015029498;112.473701145
500;30.3326660343;120.191985182
501
502;30.2949069241;120.231758557
503;30.2027340481;120.221153128
504;30.1859628284;120.250471895
505;30.2027340481;120.221153128
506;30.2027340481;120.221153128
507;30.2027340481;120.221153128
508;30.1918647808;120.256974352
509;30.2882148312;120.124819149
510;30.1881508092;120.232680017
511;30.3217948562;120.087646396
512;30.2009656314;120.176434224
513;30.2949069241;120.231758557
514;34.7998114668;113.665522298
515;30.2009656314;120.176434224
516;30.1881508092;120.232680017
517;30.2949069241;120.231758557
518;30.2027340481;120.221153128
519;30.2027340481;120.221153128
520;30.3326660343;120.191985182
521;30.1881508092;120.232680017
522;30.2949069241;120.231758557
523;30.2027340481;120.221153128
524;30.2307163579;120.233375541
525;30.2027340481;120.221153128
526;30.3326660343;120.191985182
527;30.1918647808;120.256974352
528;30.2027340481;120.221153128
529
530;30.1978433198;120.189559668
531;30.2084358683;120.195152608
532;30.302606704;120.220043665
533;30.2037160527;120.213299548
534;30.2084358683;120.195152608
535;21.6129307272;110.288202104
536;30.3303391046;120.113417855
537
538;30.1453916762;120.079357578
539;30.2949069241;120.231758557
540;30.2009656314;120.176434224
541;30.1978433198;120.189559668
542;30.1881508092;120.232680017
543;30.2027340481;120.221153128
544;30.2027340481;120.221153128
545;30.2009656314;120.176434224
546;30.3618470268;120.239549729
547;30.314784856;120.189647824
548;30.1881508092;120.232680017
549;30.2949069241;120.231758557
550;30.2009656314;120.176434224
551;34.7998114668;113.665522298
552;30.2009656314;120.176434224
553;30.1881508092;120.232680017
554;30.2949069241;120.231758557
555;30.2027340481;120.221153128
556
557;30.2027340481;120.221153128
558;30.3326660343;120.191985182
559;30.1918647808;120.256974352
560
561;30.1918647808;120.256974352
562;30.1978433198;120.189559668
563;30.2084358683;120.195152608
564;30.302606704;120.220043665
565;30.2037160527;120.213299548
566;30.2084358683;120.195152608
567;21.6129307272;110.288202104
568;30.3303391046;120.113417855
569
570;30.1453916762;120.079357578
571;30.2949069241;120.231758557
572;30.2009656314;120.176434224
573;30.1881508092;120.232680017
574;30.2027340481;120.221153128
575;30.2949069241;120.231758557
576;30.2027340481;120.221153128
577;30.2009656314;120.176434224
578;30.3618470268;120.239549729
579;30.314784856;120.189647824
580;30.1881508092;120.232680017
581;30.1978433198;120.189559668
582;30.2949069241;120.231758557
583;30.2949069241;120.231758557
584;30.2037160527;120.213299548
585;30.1875876077;120.192370429
586;30.3233347223;120.10062501
587;30.3233347223;120.10062501
588;30.3840533219;120.058963923
589
590;30.3384856003;120.154290504
591;30.3602299222;120.086052352
592;30.2949069241;120.231758557
593;30.2949069241;120.231758557
594;30.2037160527;120.213299548
595
596;30.2009656314;120.176434224
597;30.2027340481;120.221153128
598;30.1978433198;120.189559668
599;30.1978433198;120.189559668
600;30.1859628284;120.250471895
601;30.2027340481;120.221153128
602;30.2009656314;120.176434224
603
604;30.3384856003;120.154290504
605;30.3602299222;120.086052352
606;30.2949069241;120.231758557
607;30.2949069241;120.231758557
608;30.2037160527;120.213299548
609
610;30.2009656314;120.176434224
611;30.2027340481;120.221153128
612;30.1978433198;120.189559668
613;30.1978433198;120.189559668
614;30.1859628284;120.250471895
615;30.2027340481;120.221153128
616;30.2009656314;120.176434224
617;30.2037160527;120.213299548
618;30.2009656314;120.176434224
619;30.2899338949;120.184166601
620;30.3541819879;120.126079827
621;23.0102981337;114.330960969
622;30.2307163579;120.233375541
623;30.1881508092;120.232680017
624;30.2009656314;120.176434224
625;30.2307163579;120.233375541
626;30.2949069241;120.231758557
627;30.2037160527;120.213299548
628;30.2037160527;120.213299548
629;30.1859628284;120.250471895
630;30.1859628284;120.250471895
631;30.3602299222;120.086052352
632;30.2949069241;120.231758557
633;30.2949069241;120.231758557
634;30.2037160527;120.213299548
635
636;30.2009656314;120.176434224
637;30.2027340481;120.221153128
638;30.1978433198;120.189559668
639;30.1978433198;120.189559668
640;30.1859628284;120.250471895
641;30.2027340481;120.221153128
642;30.2009656314;120.176434224
643;30.2037160527;120.213299548
644;30.2009656314;120.176434224
645;30.2899338949;120.184166601
646;30.2307163579;120.233375541
647;30.1881508092;120.232680017
648;30.2009656314;120.176434224
649;30.2307163579;120.233375541
650;30.2949069241;120.231758557
651;30.2037160527;120.213299548
652;30.2037160527;120.213299548
653;30.1859628284;120.250471895
654;30.1859628284;120.250471895
655;30.2009656314;120.176434224
656;30.1859628284;120.250471895
657;30.2027340481;120.221153128
658;30.2949069241;120.231758557
659;30.2949069241;120.231758557
660;30.2037160527;120.213299548
661
662;30.2009656314;120.176434224
663;30.2027340481;120.221153128
664;30.1978433198;120.189559668
665;30.1978433198;120.189559668
666;30.1859628284;120.250471895
667;30.2027340481;120.221153128
668;30.2009656314;120.176434224
669;30.2037160527;120.213299548
670;30.2009656314;120.176434224
671;30.2899338949;120.184166601
672;30.3541819879;120.126079827
673;30.2307163579;120.233375541
674;30.1881508092;120.232680017
675;30.2009656314;120.176434224
676;30.2307163579;120.233375541
677
678;30.2037160527;120.213299548
679;30.2037160527;120.213299548
680;30.1859628284;120.250471895
681;30.1859628284;120.250471895
682;30.1859628284;120.250471895
683;30.2009656314;120.176434224
684;30.1859628284;120.250471895
685;30.2027340481;120.221153128
686;30.2027340481;120.221153128
687;30.2307163579;120.233375541
688;30.1881508092;120.232680017
689;30.2009656314;120.176434224
690;30.2307163579;120.233375541
691;30.2949069241;120.231758557
692;30.2037160527;120.213299548
693;30.2037160527;120.213299548
694;30.1859628284;120.250471895
695;30.1859628284;120.250471895
696;30.1859628284;120.250471895
697;30.2009656314;120.176434224
698;30.1859628284;120.250471895
699;30.2027340481;120.221153128
700;30.2027340481;120.221153128
701;30.1918647808;120.256974352
702;30.2027340481;120.221153128
703;30.1859628284;120.250471895
704;30.3502634826;120.118380095
705;30.3541819879;120.126079827
706;29.9944946004;120.573181558
707;26.9038228823;112.553173478
708;30.3342869971;120.142369652
709;30.3342869971;120.142369652
710;30.3342869971;120.142369652
711;30.24573098;120.174433123
712;30.1978433198;120.189559668
713
714;30.2027340481;120.221153128
715;30.1015029498;112.473701145
716;30.1859628284;120.250471895
717;30.1859628284;120.250471895
718;30.1859628284;120.250471895
719;30.2009656314;120.176434224
720;30.1859628284;120.250471895
721;30.2027340481;120.221153128
722;30.2027340481;120.221153128
723;30.1918647808;120.256974352
724;30.2027340481;120.221153128
725
726;30.3502634826;120.118380095
727;30.3541819879;120.126079827
728;29.9944946004;120.573181558
729;26.9038228823;112.553173478
730;30.3342869971;120.142369652
731;30.3342869971;120.142369652
732;30.3342869971;120.142369652
733;30.24573098;120.174433123
734;30.1875876077;120.192370429
735;30.2027340481;120.221153128
736;30.1015029498;112.473701145
737;30.2009656314;120.176434224
738;30.1978433198;120.189559668
739;30.1859628284;120.250471895
740;30.1978433198;120.189559668
741;30.1881508092;120.232680017
742
743;30.3358751115;120.125988868
744;26.9038228823;112.553173478
745;30.3342869971;120.142369652
746;30.3342869971;120.142369652
747;30.24573098;120.174433123
748;30.1978433198;120.189559668
749;30.1875876077;120.192370429
750;30.2027340481;120.221153128
751;30.1015029498;112.473701145
752;30.1978433198;120.189559668
753;30.1859628284;120.250471895
754;30.1978433198;120.189559668
755;30.1881508092;120.232680017
756
757;30.3358751115;120.125988868
758;30.1881508092;120.232680017
759;30.1881508092;120.232680017
760;30.2307163579;120.233375541
761;30.2009656314;120.176434224
762;30.24573098;120.174433123
763;30.1875876077;120.192370429
764;30.2949069241;120.231758557
765;30.1918647808;120.256974352
766;30.2027340481;120.221153128
767;30.2027340481;120.221153128
768;30.2027340481;120.221153128
769;23.0102981337;114.330960969
770;30.3502634826;120.118380095
771;30.3541819879;120.126079827
772;29.9944946004;120.573181558
773;26.9038228823;112.553173478
774;30.3342869971;120.142369652
775;30.3342869971;120.142369652
776;30.3342869971;120.142369652
777;30.24573098;120.174433123
778;30.1978433198;120.189559668
779;30.1875876077;120.192370429
780;30.2027340481;120.221153128
781;30.1015029498;112.473701145
782;30.1978433198;120.189559668
783;30.1859628284;120.250471895
784;30.1978433198;120.189559668
785;30.1881508092;120.232680017
786;30.3358751115;120.125988868
787;30.1881508092;120.232680017
788;30.1881508092;120.232680017
789;30.2307163579;120.233375541
790;30.2949069241;120.231758557
791
792;30.24573098;120.174433123
793;30.1875876077;120.192370429
794;30.2949069241;120.231758557
795
796;30.1918647808;120.256974352
797;30.2027340481;120.221153128
798;30.2027340481;120.221153128
799;30.2084358683;120.195152608
800;30.1747423274;120.143273361
801;30.2949069241;120.231758557
802;30.3120836015;120.170865212
803;29.9944946004;120.573181558
804;30.2197021987;120.17791152
805;30.2027340481;120.221153128
806;39.9170950002;116.477847898
807;30.2307163579;120.233375541
808;30.3502634826;120.118380095
809;30.3541819879;120.126079827
810;30.1859628284;120.250471895
811;30.2009656314;120.176434224
812;30.2009656314;120.176434224
813;30.2009656314;120.176434224
814
815;30.2009656314;120.176434224
816;30.2949069241;120.231758557
817;30.3120836015;120.170865212
818;30.3297596029;120.138167468
819;29.9944946004;120.573181558
820;30.2197021987;120.17791152
821;30.2027340481;120.221153128
822;39.9170950002;116.477847898
823;30.2307163579;120.233375541
824;30.3502634826;120.118380095
825;30.3541819879;120.126079827
826;30.3541819879;120.126079827
827;30.1859628284;120.250471895
828;30.2009656314;120.176434224
829;30.2009656314;120.176434224
830;30.2009656314;120.176434224
831
832;30.2009656314;120.176434224
833;30.1881508092;120.232680017
834;30.2037160527;120.213299548
835;30.2923251856;120.06871276
836;30.2307163579;120.233375541
837;30.3217948562;120.087646396
838;30.2027340481;120.221153128
839;30.2058997978;120.212442327
840;30.2028767733;120.217722803
841;30.2911657582;120.214523067
842
843;23.7414523253;114.708648466
844
845;30.2058997978;120.212442327
846;30.2028767733;120.217722803
847;30.2911657582;120.214523067
848
849;23.7414523253;114.708648466
850
851;30.2027340481;120.221153128
852;30.2949069241;120.231758557
853;30.2027340481;120.221153128
854;30.2027340481;120.221153128
855;30.2027340481;120.221153128
856;30.2027340481;120.221153128
857;30.4401096321;120.290988996
858;30.2949069241;120.231758557
859;30.2949069241;120.231758557
860;30.2949069241;120.231758557
861;30.2949069241;120.231758557
862
863;30.2009656314;120.176434224
864;30.1859628284;120.250471895
865;30.4401096321;120.290988996
866;30.2009656314;120.176434224
867;30.2009656314;120.176434224
868;30.2923251856;120.06871276
869;30.364178507;120.297179722
870;30.2027340481;120.221153128
871;30.2058997978;120.212442327
872;30.2028767733;120.217722803
873;30.2911657582;120.214523067
874
875;23.7414523253;114.708648466
876
877;30.2027340481;120.221153128
878;30.2949069241;120.231758557
879;30.2027340481;120.221153128
880;30.2027340481;120.221153128
881;30.2027340481;120.221153128
882;30.2027340481;120.221153128
883;30.4401096321;120.290988996
884;30.2949069241;120.231758557
885;30.2949069241;120.231758557
886;30.2949069241;120.231758557
887;30.2949069241;120.231758557
888
889
890;30.2009656314;120.176434224
891;30.1859628284;120.250471895
892;30.4401096321;120.290988996
893;30.2009656314;120.176434224
894
895;30.364178507;120.297179722
896;30.2009656314;120.176434224
897;30.2923251856;120.06871276
898;30.364178507;120.297179722
899
900;23.7414523253;114.708648466
901
902;30.2027340481;120.221153128
903;30.2949069241;120.231758557
904;30.2027340481;120.221153128
905;30.2027340481;120.221153128
906;30.2027340481;120.221153128
907;30.4401096321;120.290988996
908;30.2949069241;120.231758557
909;30.2949069241;120.231758557
910;30.2949069241;120.231758557
911;30.2949069241;120.231758557
912;30.2949069241;120.231758557
913
914;30.2009656314;120.176434224
915;30.1859628284;120.250471895
916;30.4401096321;120.290988996
917;30.2009656314;120.176434224
918
919;30.2009656314;120.176434224
920;30.2949069241;120.231758557
921;30.364178507;120.297179722
922;30.2027340481;120.221153128
923;40.8250899667;111.686766554
924;30.2949069241;120.231758557
925;30.1859628284;120.250471895
926;30.2009656314;120.176434224
927;30.2009656314;120.176434224
928;30.2307163579;120.233375541
929;30.2027340481;120.221153128
930;30.1978433198;120.189559668
931;30.3618470268;120.239549729
932
933;30.2027340481;120.221153128
934;30.2009656314;120.176434224
935;30.2009656314;120.176434224
936;30.2949069241;120.231758557
937
938;22.6932045394;113.255570686
939
940;39.9170950002;116.477847898
941;35.063149434;116.338120118
942;30.2307163579;120.233375541
943;30.2248313968;120.275648696
944;21.6129307272;110.288202104
945;30.3541819879;120.126079827
946
947
948
949;30.2027340481;120.221153128
950;30.2009656314;120.176434224
951;30.2009656314;120.176434224
952;30.2949069241;120.231758557
953;30.2124274772;120.223050268
954
955;39.9170950002;116.477847898
956;35.063149434;116.338120118
957;30.2307163579;120.233375541
958;30.2248313968;120.275648696
959;21.6129307272;110.288202104
960;30.3541819879;120.126079827
961
962
963
964;30.1881508092;120.232680017
965;30.1918647808;120.256974352
966;30.1918647808;120.256974352
967;30.1918647808;120.256974352
968;30.1918647808;120.256974352
969;30.1875876077;120.192370429
970;30.1881508092;120.232680017
971;30.2298939126;120.20449911
972
973;30.1015029498;112.473701145
974;30.1978433198;120.189559668
975;30.439535647;120.291290458
976;30.2298939126;120.20449911
977
978;30.1015029498;112.473701145
979;30.1978433198;120.189559668
980;30.439535647;120.291290458
981;34.7998114668;113.665522298
982;30.2027340481;120.221153128
983;30.2027340481;120.221153128
984;30.1453916762;120.079357578
985;30.1881508092;120.232680017
986;31.3383013447;118.377390356
987;30.2009656314;120.176434224
988;30.1881508092;120.232680017
989;30.1950460721;120.172076675
990;30.1881508092;120.232680017
991;30.2027340481;120.221153128
992;30.1881508092;120.232680017
993;30.1881508092;120.232680017
994;30.2882148312;120.124819149
995;30.3469743061;120.194337803
996;30.1978433198;120.189559668
997;30.314784856;120.189647824
998;30.1978433198;120.189559668
999;30.2957984561;120.154058338
1000;33.5085708808;118.991739697
1001;30.2801246344;120.187489589
1002;30.2009656314;120.176434224
1003;30.1978433198;120.189559668
1004;30.1881508092;120.232680017
1005;30.2027340481;120.221153128
1006;30.1881508092;120.232680017
1007;30.3469743061;120.194337803
1008;30.1978433198;120.189559668
1009;30.314784856;120.189647824
1010;30.1978433198;120.189559668
1011;30.1881508092;120.232680017
1012;30.2957984561;120.154058338
1013
1014;30.2027340481;120.221153128
1015;30.439535647;120.291290458
1016;30.2009656314;120.176434224
1017;30.622417242;104.120620759
1018;30.2027340481;120.221153128
1019;30.2949069241;120.231758557
1020;30.1978334874;120.224646044
1021;30.2027340481;120.221153128
1022;30.2009656314;120.176434224
1023;30.2923251856;120.06871276
1024;39.9170950002;116.477847898
1025;30.3502634826;120.118380095
1026;30.2027340481;120.221153128
1027;39.9170950002;116.477847898
1028;30.3502634826;120.118380095
1029;30.1881508092;120.232680017
1030;21.6129307272;110.288202104
1031;30.199948219;120.275150576
1032
1033;30.1978433198;120.189559668
1034;30.2027340481;120.221153128
1035;30.1875876077;120.192370429
1036
1037;30.2009656314;120.176434224
1038;30.2009656314;120.176434224
1039;30.1918647808;120.256974352
1040;30.7407181356;120.814984577
1041;30.2084358683;120.195152608
1042;30.2307163579;120.233375541
1043;30.2027340481;120.221153128
1044;30.1978334874;120.224646044
1045;30.2307163579;120.233375541
1046;30.2027340481;120.221153128
1047;30.2037160527;120.213299548
1048;30.2027340481;120.221153128
1049;21.6129307272;110.288202104
1050;30.199948219;120.275150576
1051;30.1978433198;120.189559668
1052;30.2027340481;120.221153128
1053;30.1978433198;120.189559668
1054;30.1978433198;120.189559668
1055;30.2970654447;120.194974975
1056;30.2027340481;120.221153128
1057;30.1875876077;120.192370429
1058;30.2027340481;120.221153128
1059;30.2009656314;120.176434224
1060;30.2009656314;120.176434224
1061
1062;30.7407181356;120.814984577
1063;30.2084358683;120.195152608
1064;30.2307163579;120.233375541
1065;30.2027340481;120.221153128
1066;30.1978334874;120.224646044
1067;30.2307163579;120.233375541
1068;30.2027340481;120.221153128
1069;30.2037160527;120.213299548
1070;30.2027340481;120.221153128
1071;30.2009656314;120.176434224
1072;30.2027340481;120.221153128
1073;30.1453916762;120.079357578
1074;30.2027340481;120.221153128
1075;30.2027340481;120.221153128
1076;30.2084358683;120.195152608
1077;30.2084358683;120.195152608
1078;30.2066283803;120.20730487
1079;30.2027340481;120.221153128
1080;30.1978433198;120.189559668
1081;30.2009656314;120.176434224
1082;30.1881508092;120.232680017
1083;30.1875876077;120.192370429
1084;30.2009656314;120.176434224
1085;30.2027340481;120.221153128
1086;30.2009656314;120.176434224
1087;30.2009656314;120.176434224
1088;30.2027340481;120.221153128
1089;30.1015029498;112.473701145
1090;30.2066283803;120.20730487
1091;30.1875876077;120.192370429
1092;30.2929060297;120.109873744
1093;30.2027340481;120.221153128
1094;30.2027340481;120.221153128
1095;30.2037160527;120.213299548
1096;30.3154369494;120.113350597
1097;30.3154369494;120.113350597
1098;30.3154369494;120.113350597
1099;30.3154369494;120.113350597
1100;30.3622828776;120.235488893
1101
1102;30.3181609542;120.223714835
1103;30.2027340481;120.221153128
1104;30.2027340481;120.221153128
1105;30.2027340481;120.221153128
1106;30.2037160527;120.213299548
1107;22.8259657177;113.266302931
1108;30.3154369494;120.113350597
1109;30.3154369494;120.113350597
1110;30.3622828776;120.235488893
1111
1112;30.3181609542;120.223714835
1113;30.2027340481;120.221153128
1114;30.2027340481;120.221153128
1115;30.2027340481;120.221153128
1116;30.2027340481;120.221153128
1117;30.2027340481;120.221153128
1118;30.2027340481;120.221153128
1119;30.2104158491;120.220173854
1120;30.2027340481;120.221153128
1121;30.2899338949;120.184166601
1122;30.1534763922;120.274053936
1123;30.1747423274;120.143273361
1124;30.1534763922;120.274053936
1125;30.1453916762;120.079357578
1126;30.2027340481;120.221153128
1127;30.1881508092;120.232680017
1128;30.2009656314;120.176434224
1129;30.2009656314;120.176434224
1130;30.7407181356;120.814984577
1131;30.3157415932;120.286917086
1132;30.1881508092;120.232680017
1133;30.2009656314;120.176434224
1134;30.7407181356;120.814984577
1135;30.3157415932;120.286917086
1136;30.2037160527;120.213299548
1137;30.2037160527;120.213299548
1138;30.2009656314;120.176434224
1139
1140;30.3303391046;120.113417855
1141;39.9170950002;116.477847898
1142;30.314784856;120.189647824
1143;21.6129307272;110.288202104
1144;29.9944946004;120.573181558
1145;30.2151791585;120.172457474
1146;30.3625012686;120.239516593
1147;30.2084358683;120.195152608
1148;22.6352461067;113.187811588
1149;23.0102981337;114.330960969
1150;30.1978433198;120.189559668
1151;30.2009656314;120.176434224
1152;30.2027340481;120.221153128
1153;30.1918647808;120.256974352
1154;30.1978433198;120.189559668
1155;30.2307163579;120.233375541
1156;30.1875876077;120.192370429
1157;30.1881508092;120.232680017
1158;30.2949069241;120.231758557
1159;30.2009656314;120.176434224
1160;30.7407181356;120.814984577
1161;30.3157415932;120.286917086
1162;30.2037160527;120.213299548
1163;30.2037160527;120.213299548
1164;30.2009656314;120.176434224
1165
1166;30.3303391046;120.113417855
1167;39.9170950002;116.477847898
1168;30.314784856;120.189647824
1169;21.6129307272;110.288202104
1170;29.9944946004;120.573181558
1171;30.2151791585;120.172457474
1172;30.3625012686;120.239516593
1173;30.2084358683;120.195152608
1174;30.2899338949;120.184166601
1175;22.6352461067;113.187811588
1176;23.0102981337;114.330960969
1177;30.1978433198;120.189559668
1178;30.2009656314;120.176434224
1179;30.2027340481;120.221153128
1180;30.1918647808;120.256974352
1181
1182;30.1881508092;120.232680017
1183;30.2949069241;120.231758557
1184;30.2072085397;120.198057157
1185;30.24573098;120.174433123
1186;30.2027340481;120.221153128
1187;30.1918647808;120.256974352
1188;30.1978433198;120.189559668
1189;30.2307163579;120.233375541
1190;30.1875876077;120.192370429
1191;30.1881508092;120.232680017
1192;30.24573098;120.174433123
1193;30.2717390535;120.166905745
1194;30.2028767733;120.217722803
1195;30.3120836015;120.170865212
1196;30.2794880672;120.162896523
1197;30.2027340481;120.221153128
1198;30.2899338949;120.184166601
1199;30.3616794168;120.246513831
1200;22.7026584987;114.236430918
1201;30.2037160527;120.213299548
1202
1203;22.6313111741;113.188798415
1204;30.1918647808;120.256974352
1205;30.1918647808;120.256974352
1206;30.2009656314;120.176434224
1207;28.2335198304;112.938360458
1208;30.2027340481;120.221153128
1209;30.2027340481;120.221153128
1210;30.2027340481;120.221153128
1211;30.2949069241;120.231758557
1212;30.2028767733;120.217722803
1213;30.3120836015;120.170865212
1214;30.2794880672;120.162896523
1215;30.2027340481;120.221153128
1216;30.2899338949;120.184166601
1217;30.3616794168;120.246513831
1218;22.7026584987;114.236430918
1219;30.2037160527;120.213299548
1220;30.2028767733;120.217722803
1221
1222;22.6313111741;113.188798415
1223;28.2335198304;112.938360458
1224;30.2027340481;120.221153128
1225;30.2027340481;120.221153128
1226;30.2027340481;120.221153128
1227;30.2949069241;120.231758557
1228;30.1950460721;120.172076675
1229;30.1918647808;120.256974352
1230;39.9170950002;116.477847898
1231
1232;30.1978433198;120.189559668
1233;30.2307163579;120.233375541
1234;30.1859628284;120.250471895
1235;30.1859628284;120.250471895
1236;30.2949069241;120.231758557
1237;30.1978433198;120.189559668
1238;30.2307163579;120.233375541
1239;30.1859628284;120.250471895
1240;30.1918647808;120.256974352
1241;30.1859628284;120.250471895
1242;30.2949069241;120.231758557
1243;30.1859628284;120.250471895
1244;30.1859628284;120.250471895
1245;30.1881508092;120.232680017
1246;30.2027340481;120.221153128
1247;30.1881508092;120.232680017
1248;30.1881508092;120.232680017
1249;30.2027340481;120.221153128
1250;30.2027340481;120.221153128
1251;30.2027340481;120.221153128
1252;30.2949069241;120.231758557
1253;30.2949069241;120.231758557
1254;30.1859628284;120.250471895
1255;30.2949069241;120.231758557
1256;30.2027340481;120.221153128
1257;30.1918647808;120.256974352
1258;30.2027340481;120.221153128
1259;30.1875876077;120.192370429
1260;30.2027340481;120.221153128
1261;30.1015029498;112.473701145
1262;30.2453097397;120.182128212
1263;30.2027340481;120.221153128
1264;30.2027340481;120.221153128
1265;30.2027340481;120.221153128
1266;30.2949069241;120.231758557
1267;30.1950460721;120.172076675
1268;39.9170950002;116.477847898
1269
1270;30.1978433198;120.189559668
1271;30.2307163579;120.233375541
1272;30.2949069241;120.231758557
1273;30.1859628284;120.250471895
1274;30.1859628284;120.250471895
1275;30.1881508092;120.232680017
1276;30.2027340481;120.221153128
1277;30.2027340481;120.221153128
1278;30.1881508092;120.232680017
1279;30.1881508092;120.232680017
1280;30.2027340481;120.221153128
1281;30.2027340481;120.221153128
1282;30.2027340481;120.221153128
1283;30.2949069241;120.231758557
1284;30.2949069241;120.231758557
1285;30.1859628284;120.250471895
1286;30.2949069241;120.231758557
1287;30.2027340481;120.221153128
1288
1289;30.2027340481;120.221153128
1290;30.2027340481;120.221153128
1291;30.2949069241;120.231758557
1292;30.2949069241;120.231758557
1293;30.1859628284;120.250471895
1294;30.1918647808;120.256974352
1295;30.2027340481;120.221153128
1296;30.1875876077;120.192370429
1297;30.2027340481;120.221153128
1298;30.1015029498;112.473701145
1299;30.2028767733;120.217722803
1300;30.2037160527;120.213299548
1301;30.1918647808;120.256974352
1302;30.1978433198;120.189559668
1303
1304;30.2027340481;120.221153128
1305;30.2899338949;120.184166601
1306;30.2084358683;120.195152608
1307;30.1875876077;120.192370429
1308;30.2027340481;120.221153128
1309;30.1918647808;120.256974352
1310
1311;30.2037160527;120.213299548
1312;30.1918647808;120.256974352
1313;30.1978433198;120.189559668
1314;30.3069521526;120.161079251
1315;30.2027340481;120.221153128
1316;30.2027340481;120.221153128
1317;30.2899338949;120.184166601
1318;30.2084358683;120.195152608
1319;30.1875876077;120.192370429
1320;30.2027340481;120.221153128
1321;30.1918647808;120.256974352
1322
1323;30.2949069241;120.231758557
1324;30.2307163579;120.233375541
1325;30.2899338949;120.184166601
1326;30.2037160527;120.213299548
1327;33.5085708808;118.991739697
1328;31.9783201225;118.789060325
1329;30.1881508092;120.232680017
1330;30.2037160527;120.213299548
1331;30.2307163579;120.233375541
1332;30.1978433198;120.189559668
1333;30.2686970511;120.108533
1334;30.2307163579;120.233375541
1335;30.1978433198;120.189559668
1336;30.1978433198;120.189559668
1337;30.2037160527;120.213299548
1338;30.2686970511;120.108533
1339
1340;30.2084358683;120.195152608
1341
1342;30.2009656314;120.176434224
1343;30.2307163579;120.233375541
1344;30.2084358683;120.195152608
1345;30.1875876077;120.192370429
1346;30.1950460721;120.172076675
1347;30.3154193945;120.338690355
1348;30.2949069241;120.231758557
1349
1350;30.2037160527;120.213299548
1351;29.9944946004;120.573181558
1352;30.1015029498;112.473701145
1353;30.1978433198;120.189559668
1354;30.1978433198;120.189559668
1355;30.1978433198;120.189559668
1356;30.2009656314;120.176434224
1357;30.2027340481;120.221153128
1358;30.1875876077;120.192370429
1359;30.1950460721;120.172076675
1360;30.3154193945;120.338690355
1361;30.2949069241;120.231758557
1362
1363;30.2037160527;120.213299548
1364;29.9944946004;120.573181558
1365;30.1015029498;112.473701145
1366;30.1978433198;120.189559668
1367;30.1978433198;120.189559668
1368;30.1978433198;120.189559668
1369;22.6313111741;113.188798415
1370;30.1859628284;120.250471895
1371;30.1881508092;120.232680017
1372;30.2307163579;120.233375541
1373;30.2084358683;120.195152608
1374
1375;30.2009656314;120.176434224
1376;30.2908200742;120.045604884
1377;30.2027340481;120.221153128
1378;30.2027340481;120.221153128
1379;30.1875876077;120.192370429
1380;30.2009656314;120.176434224
1381;30.1859628284;120.250471895
1382;30.1859628284;120.250471895
1383;30.1881508092;120.232680017
1384;30.2307163579;120.233375541
1385;30.2084358683;120.195152608
1386;30.2027340481;120.221153128
1387
1388;30.2009656314;120.176434224
1389;30.2908200742;120.045604884
1390;30.1859628284;120.250471895
1391;30.2027340481;120.221153128
1392;30.2027340481;120.221153128
1393;30.318737692;120.136480166
1394;30.2037160527;120.213299548
1395;30.1978433198;120.189559668
1396;30.1881508092;120.232680017
1397;30.1453916762;120.079357578
1398;30.2002166539;120.176062987
1399;30.1363117539;120.176458212
1400;30.2037160527;120.213299548
1401
1402;30.3154193945;120.338690355
1403;30.2794880672;120.162896523
1404;30.2084358683;120.195152608
1405;30.2027340481;120.221153128
1406
1407;30.2009656314;120.176434224
1408;30.2908200742;120.045604884
1409;30.1859628284;120.250471895
1410;30.2027340481;120.221153128
1411;30.1875876077;120.192370429
1412;30.2949069241;120.231758557
1413;30.2037160527;120.213299548
1414;30.2027340481;120.221153128
1415;30.318737692;120.136480166
1416;30.2037160527;120.213299548
1417;30.2037160527;120.213299548
1418;30.1978433198;120.189559668
1419;30.1881508092;120.232680017
1420;30.1453916762;120.079357578
1421;30.2002166539;120.176062987
1422;30.1363117539;120.176458212
1423;30.2037160527;120.213299548
1424
1425;30.3154193945;120.338690355
1426;30.2794880672;120.162896523
1427;30.2084358683;120.195152608
1428;30.2027340481;120.221153128
1429
1430;30.1978433198;120.189559668
1431;30.2002166539;120.176062987
1432;30.1363117539;120.176458212
1433;30.2037160527;120.213299548
1434
1435;30.3154193945;120.338690355
1436;30.2794880672;120.162896523
1437;30.2084358683;120.195152608
1438;30.2027340481;120.221153128
1439
1440;30.1978433198;120.189559668
1441;30.1881508092;120.232680017
1442;30.2037160527;120.213299548
1443;30.2009656314;120.176434224
1444;30.3384856003;120.154290504
1445;30.1978433198;120.189559668
1446;30.2009656314;120.176434224
1447;30.2084358683;120.195152608
1448;30.1881508092;120.232680017
1449;30.2638282027;120.177095548
1450;30.2037160527;120.213299548
1451;30.1918647808;120.256974352
1452;30.3085014455;120.350466775
1453;30.2066283803;120.20730487
1454
1455;30.1875876077;120.192370429
1456;30.2307163579;120.233375541
1457
1458;30.1978433198;120.189559668
1459;30.1881508092;120.232680017
1460;30.2037160527;120.213299548
1461;30.2804747397;120.185599474
1462;30.2009656314;120.176434224
1463;30.3384856003;120.154290504
1464;30.1978433198;120.189559668
1465;30.2009656314;120.176434224
1466;30.2037160527;120.213299548
1467;30.2084358683;120.195152608
1468;30.2638282027;120.177095548
1469;30.2037160527;120.213299548
1470;30.3085014455;120.350466775
1471;30.2066283803;120.20730487
1472
1473;30.1875876077;120.192370429
1474;30.2307163579;120.233375541
1475;30.2307163579;120.233375541
1476;30.2027340481;120.221153128
1477;30.1881508092;120.232680017
1478;30.2027340481;120.221153128
1479;30.1881508092;120.232680017
1480;30.2307163579;120.233375541
1481;28.6573258856;115.898947652
1482;30.2104158491;120.220173854
1483;30.1978433198;120.189559668
1484;30.2949069241;120.231758557
1485;30.2037160527;120.213299548
1486;34.7998114668;113.665522298
1487;30.2949069241;120.231758557
1488;30.2009656314;120.176434224
1489;30.2028767733;120.217722803
1490;30.2307163579;120.233375541
1491
1492
1493;30.2009656314;120.176434224
1494;30.2949069241;120.231758557
1495;30.2009656314;120.176434224
1496;30.3061713652;120.227131797
1497;30.2996169616;120.203035269
1498;30.24573098;120.174433123
1499;30.2009656314;120.176434224
1500;30.2009656314;120.176434224
1501;30.1978433198;120.189559668
1502;30.2009656314;120.176434224
1503;30.2028767733;120.217722803
1504;30.1881508092;120.232680017
1505;30.2009656314;120.176434224
1506;30.2307163579;120.233375541
1507;28.6573258856;115.898947652
1508;30.2104158491;120.220173854
1509;30.1978433198;120.189559668
1510;30.2027340481;120.221153128
1511;30.2037160527;120.213299548
1512;34.7998114668;113.665522298
1513;30.2949069241;120.231758557
1514
1515;30.2009656314;120.176434224
1516;30.2307163579;120.233375541
1517;30.2027340481;120.221153128
1518;30.2027340481;120.221153128
1519;30.2027340481;120.221153128
1520;30.2027340481;120.221153128
1521;30.1918647808;120.256974352
1522
1523
1524;30.2949069241;120.231758557
1525;30.2009656314;120.176434224
1526;30.3061713652;120.227131797
1527;30.2996169616;120.203035269
1528;30.24573098;120.174433123
1529;30.2009656314;120.176434224
1530;30.2009656314;120.176434224
1531;30.1978433198;120.189559668
1532;30.2009656314;120.176434224
1533;30.2028767733;120.217722803
1534;30.2027340481;120.221153128
1535;30.2949069241;120.231758557
1536;30.2037160527;120.213299548
1537;34.7998114668;113.665522298
1538
1539;30.2009656314;120.176434224
1540;30.2307163579;120.233375541
1541;30.2027340481;120.221153128
1542;30.2027340481;120.221153128
1543;30.2027340481;120.221153128
1544;30.2027340481;120.221153128
1545;30.1918647808;120.256974352
1546
1547;30.2009656314;120.176434224
1548;30.2949069241;120.231758557
1549;30.2009656314;120.176434224
1550;30.3061713652;120.227131797
1551;30.24573098;120.174433123
1552;30.2009656314;120.176434224
1553;30.1978433198;120.189559668
1554;30.2009656314;120.176434224
1555;30.2028767733;120.217722803
1556;30.1881508092;120.232680017
1557;30.2009656314;120.176434224
1558;30.2027340481;120.221153128
1559;30.2027340481;120.221153128
1560;30.2027340481;120.221153128
1561;30.2027340481;120.221153128
1562;30.1918647808;120.256974352
1563
1564;30.2009656314;120.176434224
1565;30.2949069241;120.231758557
1566;30.2009656314;120.176434224
1567;30.3061713652;120.227131797
1568;30.2996169616;120.203035269
1569;30.24573098;120.174433123
1570
1571
1572;30.2009656314;120.176434224
1573;30.3103563319;120.14118125
1574;30.2027340481;120.221153128
1575;30.1859628284;120.250471895
1576;30.2027340481;120.221153128
1577;30.2027340481;120.221153128
1578;30.1978433198;120.189559668
1579
1580;30.1875876077;120.192370429
1581;30.2027340481;120.221153128
1582;30.2027340481;120.221153128
1583;30.2037160527;120.213299548
1584;30.2949069241;120.231758557
1585;30.3217948562;120.087646396
1586;30.2037160527;120.213299548
1587
1588;30.2776124011;120.222272269
1589;30.2776124011;120.222272269
1590;30.3154369494;120.113350597
1591;30.3226464543;120.220207504
1592
1593;30.2027340481;120.221153128
1594;30.2104158491;120.220173854
1595;30.2104158491;120.220173854
1596;30.2104158491;120.220173854
1597;30.2104158491;120.220173854
1598;30.1969293859;120.217096512
1599;30.2776124011;120.222272269
1600;30.2776124011;120.222272269
1601;29.0326840973;119.176111587
1602;30.3154369494;120.113350597
1603;30.3226464543;120.220207504
1604
1605;30.2027340481;120.221153128
1606;30.2027340481;120.221153128
1607;30.2104158491;120.220173854
1608;30.2104158491;120.220173854
1609;30.2104158491;120.220173854
1610;30.2104158491;120.220173854
1611;30.2034782387;120.21340918
1612;30.1969293859;120.217096512
1613;30.2949069241;120.231758557
1614;30.2949069241;120.231758557
1615;30.2949069241;120.231758557
1616;30.1969293859;120.217096512
1617;30.2949069241;120.231758557
1618;30.1918647808;120.256974352
1619;30.2084358683;120.195152608
1620;30.1881508092;120.232680017
1621;30.1453916762;120.079357578
1622;30.2027340481;120.221153128
1623;30.1859628284;120.250471895
1624;30.2027340481;120.221153128
1625;30.2104158491;120.220173854
1626;30.1978433198;120.189559668
1627;30.2037160527;120.213299548
1628;30.1881508092;120.232680017
1629;30.1453916762;120.079357578
1630;30.2027340481;120.221153128
1631;30.1859628284;120.250471895
1632;30.2027340481;120.221153128
1633;30.2104158491;120.220173854
1634;30.1978433198;120.189559668
1635;30.2037160527;120.213299548
1636;30.2949069241;120.231758557
1637;30.2009656314;120.176434224
1638;30.2775331235;120.222312093
1639;30.318737692;120.136480166
1640;30.2037160527;120.213299548
1641;30.2307163579;120.233375541
1642;30.3541819879;120.126079827
1643;30.1453916762;120.079357578
1644;30.1453916762;120.079357578
1645;30.2307163579;120.233375541
1646;30.1918647808;120.256974352
1647;30.2027340481;120.221153128
1648;30.439535647;120.291290458
1649;30.2027340481;120.221153128
1650;30.2027340481;120.221153128
1651;30.1859628284;120.250471895
1652;30.1881508092;120.232680017
1653;30.2104158491;120.220173854
1654;30.2027340481;120.221153128
1655;30.1880760558;120.259758802
1656;30.2945648611;120.104792716
1657
1658;30.2307163579;120.233375541
1659;30.1918647808;120.256974352
1660;30.2027340481;120.221153128
1661;30.439535647;120.291290458
1662;30.2027340481;120.221153128
1663;30.2027340481;120.221153128
1664;30.1859628284;120.250471895
1665;30.1881508092;120.232680017
1666;30.2104158491;120.220173854
1667;30.2027340481;120.221153128
1668;30.1880760558;120.259758802
1669;30.2945648611;120.104792716
1670;30.2027340481;120.221153128
1671;30.2027340481;120.221153128
1672;30.2037160527;120.213299548
1673;30.2027340481;120.221153128
1674;33.5085708808;118.991739697
1675;30.1918647808;120.256974352
1676;30.2009656314;120.176434224
1677;34.6787195939;112.456432622
1678
1679;30.1881508092;120.232680017
1680;30.2307163579;120.233375541
1681;30.1881508092;120.232680017
1682;30.1950460721;120.172076675
1683;30.1978433198;120.189559668
1684;30.2004372266;120.185106744
1685;30.2476111387;120.05633575
1686;30.2027340481;120.221153128
1687;30.194893842;120.234787271
1688;30.194893842;120.234787271
1689;30.3541819879;120.126079827
1690;30.1881508092;120.232680017
1691;30.2949069241;120.231758557
1692;30.2949069241;120.231758557
1693;30.2949069241;120.231758557
1694;30.2949069241;120.231758557
1695;30.2949069241;120.231758557
1696;30.2949069241;120.231758557
1697;30.2949069241;120.231758557
1698;30.2949069241;120.231758557
1699;30.2949069241;120.231758557
1700;30.24573098;120.174433123
1701;30.2009656314;120.176434224
1702;30.2009656314;120.176434224
1703;30.2009656314;120.176434224
1704;30.1881508092;120.232680017
1705;30.314784856;120.189647824
1706;30.2084358683;120.195152608
1707;30.2027340481;120.221153128
1708;30.2027340481;120.221153128
1709
1710;30.2027340481;120.221153128
1711;30.1950460721;120.172076675
1712;30.2027340481;120.221153128
1713;30.1978433198;120.189559668
1714;30.1859628284;120.250471895
1715;30.2004372266;120.185106744
1716;30.2027340481;120.221153128
1717;30.194893842;120.234787271
1718;30.194893842;120.234787271
1719;30.3541819879;120.126079827
1720;30.1881508092;120.232680017
1721;30.2949069241;120.231758557
1722;30.2949069241;120.231758557
1723;30.2949069241;120.231758557
1724;30.2949069241;120.231758557
1725;30.2949069241;120.231758557
1726;30.2949069241;120.231758557
1727;30.2949069241;120.231758557
1728;30.2949069241;120.231758557
1729;30.2949069241;120.231758557
1730;30.24573098;120.174433123
1731;30.2009656314;120.176434224
1732;30.2009656314;120.176434224
1733;30.2009656314;120.176434224
1734;30.2009656314;120.176434224
1735;30.1881508092;120.232680017
1736;30.314784856;120.189647824
1737;30.2949069241;120.231758557
1738;30.2949069241;120.231758557
1739;30.2949069241;120.231758557
1740;30.24573098;120.174433123
1741;30.2009656314;120.176434224
1742;30.2009656314;120.176434224
1743;30.2009656314;120.176434224
1744;30.2009656314;120.176434224
1745;30.314784856;120.189647824
1746;30.2084358683;120.195152608
1747;30.2027340481;120.221153128
1748;30.2027340481;120.221153128
1749;30.2949069241;120.231758557
1750;30.2037160527;120.213299548
1751;30.3061713652;120.227131797
1752;30.2996169616;120.203035269
1753;30.1881508092;120.232680017
1754;30.2009656314;120.176434224
1755;30.1978433198;120.189559668
1756;30.2307163579;120.233375541
1757;30.2433919856;120.030829506
1758;30.2027340481;120.221153128
1759;30.3384856003;120.154290504
1760;30.3436231654;120.190283777
1761;30.2066283803;120.20730487
1762;30.3541819879;120.126079827
1763;30.1918647808;120.256974352
1764;30.1881508092;120.232680017
1765;30.2009656314;120.176434224
1766;30.1978433198;120.189559668
1767;30.2307163579;120.233375541
1768;30.2433919856;120.030829506
1769;30.2027340481;120.221153128
1770;30.3384856003;120.154290504
1771;30.3436231654;120.190283777
1772;30.2066283803;120.20730487
1773;30.3541819879;120.126079827
1774;30.1918647808;120.256974352
1775;30.1918647808;120.256974352
1776;30.1859628284;120.250471895
1777;30.2027340481;120.221153128
1778;30.2009656314;120.176434224
1779;30.1881508092;120.232680017
1780;40.8250899667;111.686766554
1781;30.1881508092;120.232680017
1782;30.1950460721;120.172076675
1783;30.2027340481;120.221153128
1784;30.1978433198;120.189559668
1785;30.2027340481;120.221153128
1786;30.2084358683;120.195152608
1787;30.2084358683;120.195152608
1788;30.2084358683;120.195152608
1789;30.2084358683;120.195152608
1790;30.2027340481;120.221153128
1791
1792;30.2009656314;120.176434224
1793;30.2027340481;120.221153128
1794;30.3384856003;120.154290504
1795;30.3436231654;120.190283777
1796;30.2066283803;120.20730487
1797;30.3541819879;120.126079827
1798;30.1918647808;120.256974352
1799;30.1918647808;120.256974352
1800;30.1859628284;120.250471895
1801;30.2027340481;120.221153128
1802;30.2009656314;120.176434224
1803;30.1881508092;120.232680017
1804;40.8250899667;111.686766554
1805;30.1881508092;120.232680017
1806;30.1950460721;120.172076675
1807;30.2027340481;120.221153128
1808;30.2027340481;120.221153128
1809;30.2084358683;120.195152608
1810
1811;30.2084358683;120.195152608
1812;30.2027340481;120.221153128
1813
1814;30.2009656314;120.176434224
1815;30.2307163579;120.233375541
1816;30.2307163579;120.233375541
1817;30.2307163579;120.233375541
1818;30.2433919856;120.030829506
1819;30.2084358683;120.195152608
1820;30.2027340481;120.221153128
1821;30.1978433198;120.189559668
1822;30.2027340481;120.221153128
1823;30.2084358683;120.195152608
1824;30.2084358683;120.195152608
1825;30.2084358683;120.195152608
1826;30.2027340481;120.221153128
1827
1828;30.2009656314;120.176434224
1829;30.2307163579;120.233375541
1830;30.2307163579;120.233375541
1831;30.2307163579;120.233375541
1832;30.2433919856;120.030829506
1833;30.2084358683;120.195152608
1834;30.2084358683;120.195152608
1835;30.439535647;120.291290458
1836;30.2009656314;120.176434224
1837;30.2027340481;120.221153128
1838;30.2027340481;120.221153128
1839;30.1881508092;120.232680017
1840
1841;30.1875876077;120.192370429
1842;30.2476111387;120.05633575
1843;30.1859628284;120.250471895
1844;30.3541819879;120.126079827
1845;30.2949069241;120.231758557
1846;30.2794880672;120.162896523
1847;30.1918647808;120.256974352
1848;30.2949069241;120.231758557
1849;30.2794880672;120.162896523
1850;30.1918647808;120.256974352
1851;30.1881508092;120.232680017
1852;30.1881508092;120.232680017
1853;30.1881508092;120.232680017
1854;30.1950460721;120.172076675
1855;30.2027340481;120.221153128
1856;30.1918647808;120.256974352
1857;30.1859628284;120.250471895
1858;30.1881508092;120.232680017
1859;30.2009656314;120.176434224
1860;30.2882148312;120.124819149
1861;30.2009656314;120.176434224
1862;30.2027340481;120.221153128
1863;30.2009656314;120.176434224
1864;30.2009656314;120.176434224
1865;30.314784856;120.189647824
1866;30.2307163579;120.233375541
1867;30.1918647808;120.256974352
1868;30.1859628284;120.250471895
1869;30.2084358683;120.195152608
1870
1871;30.2949069241;120.231758557
1872;30.1453916762;120.079357578
1873;30.2009656314;120.176434224
1874;30.314784856;120.189647824
1875;30.2307163579;120.233375541
1876;30.1918647808;120.256974352
1877;30.1859628284;120.250471895
1878;30.2084358683;120.195152608
1879;30.2027340481;120.221153128
1880;30.2949069241;120.231758557
1881;30.1453916762;120.079357578
1882;39.9170950002;116.477847898
1883;30.1918647808;120.256974352
1884
1885
1886;30.2009656314;120.176434224
1887;30.2298939126;120.20449911
1888;30.2009656314;120.176434224
1889;30.1881508092;120.232680017
1890;30.2027340481;120.221153128
1891;30.2949069241;120.231758557
1892;30.1859628284;120.250471895
1893;30.2027340481;120.221153128
1894;30.1874165178;120.203126877
1895;30.2084358683;120.195152608
1896;30.2009656314;120.176434224
1897
1898;30.1881508092;120.232680017
1899;30.1747423274;120.143273361
1900;30.3226464543;120.220207504
1901;30.2027340481;120.221153128
1902;30.1874165178;120.203126877
1903;30.2084358683;120.195152608
1904;30.2009656314;120.176434224
1905;30.1881508092;120.232680017
1906;30.1881508092;120.232680017
1907;30.1747423274;120.143273361
1908;30.3226464543;120.220207504
1909;30.2066283803;120.20730487
1910;30.1782575246;120.142096492
1911;30.1647326956;120.156616828
1912;30.1875876077;120.192370429
1913;30.1875876077;120.192370429
1914;30.2097787981;120.229788837
1915;30.1453916762;120.079357578
1916;30.1881508092;120.232680017
1917;30.3198066971;120.282434824
1918;30.3028110606;120.168808541
1919;30.2109543748;120.219873167
1920;30.2109543748;120.219873167
1921;30.1881508092;120.232680017
1922
1923;30.1978433198;120.189559668
1924
1925;30.1918647808;120.256974352
1926;30.1918647808;120.256974352
1927;30.1918647808;120.256974352
1928;30.1918647808;120.256974352
1929;30.1918647808;120.256974352
1930;30.3028110606;120.168808541
1931;30.2109543748;120.219873167
1932;30.2109543748;120.219873167
1933;30.1881508092;120.232680017
1934
1935;30.1978433198;120.189559668
1936
1937;30.1918647808;120.256974352
1938;30.1918647808;120.256974352
1939;30.1918647808;120.256974352
1940;30.1918647808;120.256974352
1941;30.1918647808;120.256974352
1942;30.1918647808;120.256974352
1943;30.1918647808;120.256974352
1944;30.1918647808;120.256974352
1945;30.2949069241;120.231758557
1946;30.2949069241;120.231758557
1947
1948;30.1918647808;120.256974352
1949;30.1918647808;120.256974352
1950;39.9170950002;116.477847898
1951;30.1918647808;120.256974352
1952;30.1918647808;120.256974352
1953;30.2084358683;120.195152608
1954;30.2027340481;120.221153128
1955;30.1015029498;112.473701145
1956;30.1978433198;120.189559668
1957;30.2084358683;120.195152608
1958;30.2027340481;120.221153128
1959;30.2027340481;120.221153128
1960;30.2638282027;120.177095548
1961
1962;30.1918647808;120.256974352
1963;30.1881508092;120.232680017
1964;30.1875876077;120.192370429
1965;30.2027340481;120.221153128
1966;30.1875876077;120.192370429
1967;30.1978433198;120.189559668
1968;30.1978433198;120.189559668
1969;30.2027340481;120.221153128
1970;30.2794880672;120.162896523
1971;30.3154193945;120.338690355
1972;30.2949069241;120.231758557
1973;30.2307163579;120.233375541
1974;30.2009656314;120.176434224
1975;30.2027340481;120.221153128
1976;30.2084358683;120.195152608
1977;30.1978433198;120.189559668
1978
1979;30.1747423274;120.143273361
1980;30.1881508092;120.232680017
1981;30.1918647808;120.256974352
1982;30.1978433198;120.189559668
1983;30.1978433198;120.189559668
1984
1985;39.9170950002;116.477847898
1986;30.1881508092;120.232680017
1987;30.2307163579;120.233375541
1988;30.2027340481;120.221153128
1989;30.1747423274;120.143273361
1990;30.1881508092;120.232680017
1991;30.1918647808;120.256974352
1992;30.1978433198;120.189559668
1993;30.2027340481;120.221153128
1994;30.2027340481;120.221153128
1995;30.2027340481;120.221153128
1996;30.1918647808;120.256974352
1997;30.228937777;120.191512766
1998;30.2066283803;120.20730487
1999;30.2084358683;120.195152608
2000;30.1918647808;120.256974352
2001
2002;30.1881508092;120.232680017
2003;30.2009656314;120.176434224
2004;30.2084358683;120.195152608
2005;30.2009656314;120.176434224
2006;30.1918647808;120.256974352
2007;30.1881508092;120.232680017
2008;30.2009656314;120.176434224
2009;30.2084358683;120.195152608
2010
2011;39.9170950002;116.477847898
2012;30.2009656314;120.176434224
2013;30.1881508092;120.232680017
2014;30.2084358683;120.195152608
2015;30.2009656314;120.176434224
2016;30.1978433198;120.189559668
2017;30.2307163579;120.233375541
2018
2019;30.2027340481;120.221153128
2020;30.2084358683;120.195152608
2021;30.314784856;120.189647824
2022;30.2307163579;120.233375541
2023;30.2027340481;120.221153128
2024;30.1978433198;120.189559668
2025;39.9170950002;116.477847898
2026;30.2084358683;120.195152608
2027;30.2307163579;120.233375541
2028;30.2027340481;120.221153128
2029;30.1978433198;120.189559668
2030;30.2949069241;120.231758557
2031;39.9170950002;116.477847898
2032;30.2949069241;120.231758557
2033
2034;30.3250134976;120.359349084
2035;30.2949069241;120.231758557
2036;30.2009656314;120.176434224
2037;30.2638282027;120.177095548
2038;30.3326660343;120.191985182
2039;30.1747423274;120.143273361
2040;30.2066283803;120.20730487
2041;30.1881508092;120.232680017
2042
2043
2044;30.1978433198;120.189559668
2045;30.1881508092;120.232680017
2046;30.1881508092;120.232680017
2047;30.2949069241;120.231758557
2048;30.1015029498;112.473701145
2049;30.2066283803;120.20730487
2050
2051;40.2306970134;116.216343871
2052;30.228937777;120.191512766
2053;30.1747423274;120.143273361
2054;30.2066283803;120.20730487
2055
2056;30.1859628284;120.250471895
2057;30.1978433198;120.189559668
2058;30.2002166539;120.176062987
2059;30.2027340481;120.221153128
2060;30.2949069241;120.231758557
2061
2062;30.279114738;120.10707131
2063;40.2306970134;116.216343871
2064;30.2027340481;120.221153128
2065;30.2084358683;120.195152608
2066;30.1859628284;120.250471895
2067;30.2949069241;120.231758557
2068;30.2949069241;120.231758557
2069;30.1453916762;120.079357578
2070;30.1918647808;120.256974352
2071
2072;30.1918647808;120.256974352
2073;30.2949069241;120.231758557
2074;30.1453916762;120.079357578
2075;30.1918647808;120.256974352
2076
2077;30.2639202652;120.228365333
2078;30.3157415932;120.286917086
2079;30.2009656314;120.176434224
2080;30.2009656314;120.176434224
2081;30.2009656314;120.176434224
2082;30.2009656314;120.176434224
2083;30.1881508092;120.232680017
2084
2085;30.2002166539;120.176062987
2086;30.1918647808;120.256974352
2087;30.2027340481;120.221153128
2088;30.3384856003;120.154290504
2089;30.2027340481;120.221153128
2090;30.3384856003;120.154290504
2091
2092;30.1453916762;120.079357578
2093;30.1453916762;120.079357578
2094;30.1453916762;120.079357578
2095;30.1453916762;120.079357578
2096;30.1453916762;120.079357578
2097;30.1453916762;120.079357578
2098;30.1453916762;120.079357578
2099;30.2949069241;120.231758557
2100;30.2949069241;120.231758557
2101;30.2949069241;120.231758557
2102
2103;30.2027340481;120.221153128
2104;30.1918647808;120.256974352
2105;30.439535647;120.291290458
2106;30.1453916762;120.079357578
2107;30.2638282027;120.177095548
2108;30.2009656314;120.176434224
2109;30.2949069241;120.231758557
2110;30.2009656314;120.176434224
2111;30.314784856;120.189647824
2112;30.3384856003;120.154290504
2113;30.3342869971;120.142369652
2114
2115;30.314784856;120.189647824
2116
2117;30.1918647808;120.256974352
2118;30.2104158491;120.220173854
2119;31.7785799025;119.078902855
2120;30.3102878749;120.18653503
2121;30.2151791585;120.172457474
2122;30.2638282027;120.177095548
2123;30.2433919856;120.030829506
2124;30.2775039621;120.150621868
2125;30.2949069241;120.231758557
2126;30.1881508092;120.232680017
2127;30.2027340481;120.221153128
2128
2129;30.2638282027;120.177095548
2130;30.3342869971;120.142369652
2131;30.2027340481;120.221153128
2132;30.2066283803;120.20730487
2133;39.9170950002;116.477847898
2134;30.2450663191;120.182838386
2135;30.2027340481;120.221153128
2136;30.2066283803;120.20730487
2137;39.9170950002;116.477847898
2138;30.3198066971;120.282434824
2139;30.2450663191;120.182838386
2140;30.282191546;120.114933652
2141;30.2009656314;120.176434224
2142;30.2686970511;120.108533
2143;30.1881508092;120.232680017
2144;30.2848735236;120.020878284
2145;30.1978433198;120.189559668
2146;30.2686970511;120.108533
2147;30.1918647808;120.256974352
2148;30.2638282027;120.177095548
2149;30.2034782387;120.21340918
2150;30.2027340481;120.221153128
2151;30.2686970511;120.108533
2152;30.2084358683;120.195152608
2153;30.2848735236;120.020878284
2154;30.2027340481;120.221153128
2155;30.1881508092;120.232680017
2156;30.1881508092;120.232680017
2157;30.2949069241;120.231758557
2158;30.2027340481;120.221153128
2159;30.2027340481;120.221153128
2160
2161;30.2027340481;120.221153128
2162;30.2949069241;120.231758557
2163;30.2027340481;120.221153128
2164;30.2027340481;120.221153128
2165;30.2027340481;120.221153128
2166;30.2949069241;120.231758557
2167;30.2949069241;120.231758557
2168;30.2949069241;120.231758557
2169;30.2027340481;120.221153128
2170
2171;30.1978433198;120.189559668
2172;30.2949069241;120.231758557
2173;30.2027340481;120.221153128
2174;30.2027340481;120.221153128
2175;30.1881508092;120.232680017
2176;30.1453916762;120.079357578
2177;30.2009656314;120.176434224
2178;30.2009656314;120.176434224
2179;30.1978433198;120.189559668
2180;30.1859628284;120.250471895
2181;30.2949069241;120.231758557
2182;30.2949069241;120.231758557
2183;30.2949069241;120.231758557
2184;30.2949069241;120.231758557
2185;30.1859628284;120.250471895
2186;30.1918647808;120.256974352
2187;30.1859628284;120.250471895
2188;30.2949069241;120.231758557
2189;30.1978433198;120.189559668
2190;30.1978433198;120.189559668
2191;30.1978433198;120.189559668
2192;30.1978433198;120.189559668
2193;30.2949069241;120.231758557
2194;30.1978433198;120.189559668
2195;30.2949069241;120.231758557
2196;30.2949069241;120.231758557
2197;30.2949069241;120.231758557
2198;30.2949069241;120.231758557
2199;30.2949069241;120.231758557
2200;30.2949069241;120.231758557
2201;30.3155751252;120.305893285
2202;30.2949069241;120.231758557
2203;30.1978433198;120.189559668
2204;30.1978433198;120.189559668
2205;30.1978433198;120.189559668
2206;30.1978433198;120.189559668
2207;30.1859628284;120.250471895
2208;30.2009656314;120.176434224
2209;30.1859628284;120.250471895
2210;30.3028110606;120.168808541
2211;30.3028110606;120.168808541
2212;30.1881508092;120.232680017
2213;30.2009656314;120.176434224
2214;30.1875876077;120.192370429
2215;30.1875876077;120.192370429
2216
2217;30.1881508092;120.232680017
2218;30.1015029498;112.473701145
2219;30.2084358683;120.195152608
2220;30.1881508092;120.232680017
2221;30.2027340481;120.221153128
2222;30.1881508092;120.232680017
2223;30.1881508092;120.232680017
2224
2225;30.2639202652;120.228365333
2226;40.0265013037;119.812376815
2227;30.1453916762;120.079357578
2228;30.1453916762;120.079357578
2229;30.1881508092;120.232680017
2230;30.1747423274;120.143273361
2231;30.1875876077;120.192370429
2232;30.1875876077;120.192370429
2233;30.1881508092;120.232680017
2234;30.1747423274;120.143273361
2235
2236
2237;30.1747423274;120.143273361
2238;30.1875876077;120.192370429
2239;30.1875876077;120.192370429
2240;30.1881508092;120.232680017
2241;30.1747423274;120.143273361
2242
2243
2244
2245
2246
2247;30.2009656314;120.176434224
2248
2249
2250;30.1453916762;120.079357578
2251;30.2027340481;120.221153128
2252;30.1453916762;120.079357578
2253;30.3061713652;120.227131797
2254;30.3602299222;120.086052352
2255;30.1918647808;120.256974352
2256;30.1881508092;120.232680017
2257;30.1978433198;120.189559668
2258;30.2307163579;120.233375541
2259;30.2949069241;120.231758557
2260;30.2084358683;120.195152608
2261
2262;30.1881508092;120.232680017
2263;30.2002166539;120.176062987
2264;30.3183785188;120.099976973
2265;30.1881508092;120.232680017
2266;30.2027340481;120.221153128
2267;30.3326660343;120.191985182
2268;30.2002166539;120.176062987
2269;30.314784856;120.189647824
2270
2271;30.1881508092;120.232680017
2272;30.1881508092;120.232680017
2273;30.1918647808;120.256974352
2274
2275;30.1918647808;120.256974352
2276;30.1881508092;120.232680017
2277;30.1918647808;120.256974352
2278;30.1918647808;120.256974352
2279;30.2027340481;120.221153128
2280;30.2009656314;120.176434224
2281;30.2908200742;120.045604884
2282;30.2009656314;120.176434224
2283;30.3342869971;120.142369652
2284;30.1881508092;120.232680017
2285;30.2009656314;120.176434224
2286;30.2027340481;120.221153128
2287;30.24573098;120.174433123
2288;30.24573098;120.174433123
2289;30.2027340481;120.221153128
2290;30.2027340481;120.221153128
2291;30.1881508092;120.232680017
2292;30.1978433198;120.189559668
2293;30.2996169616;120.203035269
2294
2295;30.1978334874;120.224646044
2296;30.1875876077;120.192370429
2297;30.2027340481;120.221153128
2298;30.2027340481;120.221153128
2299;30.2009656314;120.176434224
2300;30.1978433198;120.189559668
2301;30.1881508092;120.232680017
2302;30.1747423274;120.143273361
2303;30.2985294895;120.168650556
2304;30.1918647808;120.256974352
2305;33.5085708808;118.991739697
2306;30.1978433198;120.189559668
2307;30.314784856;120.189647824
2308;30.1881508092;120.232680017
2309
2310
2311
2312
2313
2314
2315
2316
2317
2318
2319
2320
2321;30.2084358683;120.195152608
2322;30.1881508092;120.232680017
2323;30.2084358683;120.195152608
2324;30.2009656314;120.176434224
2325
2326;30.2949069241;120.231758557
2327;30.1881508092;120.232680017
2328;30.1881508092;120.232680017
2329;30.1881508092;120.232680017
2330;30.2034782387;120.21340918
2331;30.2027340481;120.221153128
2332;30.1875876077;120.192370429
2333
2334;30.1978433198;120.189559668
2335;30.1453916762;120.079357578
2336;30.2009656314;120.176434224
2337;30.2009656314;120.176434224
2338;30.1978433198;120.189559668
2339;30.1978433198;120.189559668
2340;36.1170147291;114.434678964
2341;30.1881508092;120.232680017
2342;29.9051476004;121.568339223
2343;30.1747423274;120.143273361
2344;30.2949069241;120.231758557
2345;30.2949069241;120.231758557
2346;30.2949069241;120.231758557
2347;30.2949069241;120.231758557
2348;30.2949069241;120.231758557
2349;30.1881508092;120.232680017
2350;30.1881508092;120.232680017
2351;30.1859628284;120.250471895
2352;30.2899338949;120.184166601
2353;30.3326660343;120.191985182
2354;30.2002166539;120.176062987
2355;30.2949069241;120.231758557
2356;30.1881508092;120.232680017
2357;30.2009656314;120.176434224
2358;30.1881508092;120.232680017
2359;30.1881508092;120.232680017
2360;30.1859628284;120.250471895
2361;30.2899338949;120.184166601
2362;30.3326660343;120.191985182
2363;30.2002166539;120.176062987
2364;30.2949069241;120.231758557
2365;30.1881508092;120.232680017
2366;30.1978433198;120.189559668
2367;30.2009656314;120.176434224
2368;30.2860540141;120.1117716
2369;30.3384856003;120.154290504
2370;30.3237371351;120.345214151
2371;30.2009656314;120.176434224
2372;30.314784856;120.189647824
2373;30.2009656314;120.176434224
2374;30.2009656314;120.176434224
2375;30.1875876077;120.192370429
2376;30.3237371351;120.345214151
2377;30.3436231654;120.190283777
2378;30.2002166539;120.176062987
2379;30.2949069241;120.231758557
2380;30.2027340481;120.221153128
2381;30.2653766057;120.197074082
2382;30.3384856003;120.154290504
2383;30.3061713652;120.227131797
2384;30.2072085397;120.198057157
2385;30.2860540141;120.1117716
2386;30.3384856003;120.154290504
2387;30.314784856;120.189647824
2388;30.2009656314;120.176434224
2389;30.2009656314;120.176434224
2390;30.1875876077;120.192370429
2391;30.3237371351;120.345214151
2392;30.3436231654;120.190283777
2393;30.2002166539;120.176062987
2394;30.2949069241;120.231758557
2395;30.2027340481;120.221153128
2396;30.2653766057;120.197074082
2397;30.3384856003;120.154290504
2398;30.3061713652;120.227131797
2399;30.2949069241;120.231758557
2400;30.2949069241;120.231758557
2401;30.2949069241;120.231758557
2402;30.3237371351;120.345214151
2403;30.2027340481;120.221153128
2404;30.2027340481;120.221153128
2405;30.3198066971;120.282434824
2406;30.3326660343;120.191985182
2407;30.2027340481;120.221153128
2408;30.2034782387;120.21340918
2409;30.3061713652;120.227131797
2410;30.3030725954;120.141669724
2411;30.3030725954;120.141669724
2412;30.1978433198;120.189559668
2413;30.1881508092;120.232680017
2414;30.1881508092;120.232680017
2415;30.3237371351;120.345214151
2416;30.3326660343;120.191985182
2417;30.3154369494;120.113350597
2418;30.24573098;120.174433123
2419;30.2929060297;120.109873744
2420;30.2686970511;120.108533
2421;30.3378758647;120.093873152
2422;30.2926310463;120.105132816
2423;33.5085708808;118.991739697
2424;30.2794880672;120.162896523
2425;32.9442262168;117.378361949
2426
2427;30.2009656314;120.176434224
2428;30.3237371351;120.345214151
2429;30.2027340481;120.221153128
2430;30.1875876077;120.192370429
2431;30.2949069241;120.231758557
2432;30.2949069241;120.231758557
2433;30.2949069241;120.231758557
2434;30.1859628284;120.250471895
2435;30.2027340481;120.221153128
2436;30.1881508092;120.232680017
2437;30.1881508092;120.232680017
2438;30.2027340481;120.221153128
2439;30.1881508092;120.232680017
2440;30.2027340481;120.221153128
2441;30.2027340481;120.221153128
2442;30.2027340481;120.221153128
2443;30.2027340481;120.221153128
2444;30.1859628284;120.250471895
2445;30.2949069241;120.231758557
2446;30.1918647808;120.256974352
2447;30.1859628284;120.250471895
2448;30.1859628284;120.250471895
2449;30.1978433198;120.189559668
2450;30.2002166539;120.176062987
2451;30.2027340481;120.221153128
2452;30.2949069241;120.231758557
2453;30.2949069241;120.231758557
2454;30.2027340481;120.221153128
2455;30.2949069241;120.231758557
2456;30.1881508092;120.232680017
2457;30.1881508092;120.232680017
2458;30.1881508092;120.232680017
2459;30.1978433198;120.189559668
2460;30.1881508092;120.232680017
2461;30.1978433198;120.189559668
2462;30.2307163579;120.233375541
2463;30.1978433198;120.189559668
2464;30.1978433198;120.189559668
2465;30.1978433198;120.189559668
2466;30.1978433198;120.189559668
2467;30.1859628284;120.250471895
2468;30.1859628284;120.250471895
2469;30.1859628284;120.250471895
2470;30.2949069241;120.231758557
2471;30.2949069241;120.231758557
2472;30.2949069241;120.231758557
2473;30.2949069241;120.231758557
2474;30.2949069241;120.231758557
2475;30.2949069241;120.231758557
2476;30.2949069241;120.231758557
2477;30.2949069241;120.231758557
2478;30.2949069241;120.231758557
2479;30.2949069241;120.231758557
2480
2481;30.2949069241;120.231758557
2482;30.2949069241;120.231758557
2483;30.2949069241;120.231758557
2484;30.2949069241;120.231758557
2485;30.2949069241;120.231758557
2486;30.2949069241;120.231758557
2487;30.2949069241;120.231758557
2488;30.2949069241;120.231758557
2489;30.2949069241;120.231758557
2490;30.2949069241;120.231758557
2491;30.1978433198;120.189559668
2492;30.2949069241;120.231758557
2493;30.2027340481;120.221153128
2494;30.2949069241;120.231758557
2495;30.1978433198;120.189559668
2496;30.2009656314;120.176434224
2497;30.1859628284;120.250471895
2498;30.1859628284;120.250471895
2499;30.2949069241;120.231758557
2500;30.2949069241;120.231758557
2501;30.2949069241;120.231758557
2502;30.2949069241;120.231758557
2503;30.2949069241;120.231758557
2504;30.2949069241;120.231758557
2505;30.2949069241;120.231758557
2506;30.2949069241;120.231758557
2507;30.2949069241;120.231758557
2508;30.2949069241;120.231758557
2509;30.2949069241;120.231758557
2510;30.2949069241;120.231758557
2511;30.2949069241;120.231758557
2512;30.2949069241;120.231758557
2513;30.2949069241;120.231758557
2514;30.2949069241;120.231758557
2515;30.2949069241;120.231758557
2516;30.2949069241;120.231758557
2517;30.2949069241;120.231758557
2518;30.2949069241;120.231758557
2519;30.2949069241;120.231758557
2520;30.2949069241;120.231758557
2521;30.2949069241;120.231758557
2522;30.2949069241;120.231758557
2523;30.2949069241;120.231758557
2524;30.1978433198;120.189559668
2525;30.1978433198;120.189559668
2526;30.1978433198;120.189559668
2527;30.1881508092;120.232680017
2528;30.1881508092;120.232680017
2529;30.1881508092;120.232680017
2530;30.1918647808;120.256974352
2531;30.1918647808;120.256974352
2532;30.2027340481;120.221153128
2533;30.1918647808;120.256974352
2534;30.3326660343;120.191985182
2535;30.2037160527;120.213299548
2536;30.2037160527;120.213299548
2537;30.1875876077;120.192370429
2538;30.2949069241;120.231758557
2539;30.1978433198;120.189559668
2540;30.2027340481;120.221153128
2541
2542;30.2027340481;120.221153128
2543;30.3326660343;120.191985182
2544;30.2002166539;120.176062987
2545;30.1875361471;120.208744213
2546;30.1747423274;120.143273361
2547;30.2027340481;120.221153128
2548;30.2027340481;120.221153128
2549;30.2027340481;120.221153128
2550;30.2009656314;120.176434224
2551;30.1881508092;120.232680017
2552;30.2949069241;120.231758557
2553;30.2949069241;120.231758557
2554;30.1978433198;120.189559668
2555;30.1978433198;120.189559668
2556;30.1978433198;120.189559668
2557;30.2009656314;120.176434224
2558;30.2009656314;120.176434224
2559;30.2949069241;120.231758557
2560;30.1881508092;120.232680017
2561;30.1978433198;120.189559668
2562;30.1978433198;120.189559668
